00000085
00000147
00000124
00000256
00000205
00000179
98176967
00000003
00000067
00000041
74488444
00000155
26665800
72253337
83528507
74131293
00000102
00000224
00000113
00000071
00000128
12140660
71450589
31885200
54800242
00000106
00000125
00000176
00000229
00000225
00000069
00000055
00000075
00000245
00000241
00000040
00000196
00000017
00000009
00000246
00000131
00000081
00000014
00000110
00000232
68918654
00000080
00000162
00000013
00000073
00000024
12830346
00000031
00000078
00000167
00000190
00000084
00000206
00000243
77341041
00000230
00000096
89340986
00000247
00000068
00000022
00000116
00000027
00000060
00000088
69460843
00000087
00000180
00000130
02945102
43767617
15243007
00000150
27734330
00000051
00000004
00000030
00000227
64707057
41891352
02140656
00000077
00000161
00000048
00000250
00000228
00000171
87984100
00000177
00000117
00000257
00000197
00000103
08312560
00000006
00000216
00000159
27948715
00000001
00000156
00000047
00000032
12636316
24583174
69523106
00000010
00000199
00000210
64839708
00000107
00000149
15967580
00000038
00000237
00000186
28965645
18664628
04787738
00000028
00000115
00000012
00000097
10653901
00000184
00000109
00000146
00000252
00656740
00000044
00000104
00000242
00000202
00000148
12846553
00000238
00000143
50578157
00000248
00000188
20805067
43783930
00000141
00000064
00000094
63408163
19226615
00000026
00000122
00000023
00000154
00000220
00000101
18075402
00000025
23867376
00000005
00000170
00000145
94892517
00000120
00000112
00000057
00000100
00000204
00000207
00000239
60526211
00000020
00000136
00000021
00000254
00000034
00000086
00000121
00000033
00000255
00000011
75329524
00000235
00000139
76111126
00000108
35472490
00000092
10981219
00000253
85319007
00000111
66900848
00000119
70298414
00000063
00000168
00000054
00000135
31146006
81254542
00000099
00000019
00000138
00000015
00000244
00000198
00000193
77778947
00000134
00000137
34532036
00000192
00000151
65839830
00000195
00000208
32806004
00000215
05037163
25166052
01304094
00000157
00000166
00000002
00000076
00000236
00000105
00000045
00000191
00000035
25969043
00000018
48840447
00000194
09241622
00000091
00000098
34297774
00000185
59790711
90233268
71100643
00000173
08418626
00000079
00000182
00000200
00000221
00000049
34173628
00000053
00000083
00000123
00000142
00000050
00000209
00000211
00000144
12075332
18630053
00000072
00000140
02348400
00000042
00000007
00000082
00000029
00000189
00000226
00000000
00000164
00000234
00000181
98228874
94979198
89611972
00000219
00000169
00000036
00000093
35296612
00000217
00000240
19552233
00000213
00000129
00000233
00000065
75673544
00000016
00000059
19711918
00000172
00000223
00000089
20201874
80732495
62831142
00000066
24449563
59579524
00000183
49963232
00000201
00000165
58591218
52819821
00000187
00000158
00000218
00000127
00000222
79416396
19874142
00000231
00000175
00000258
73856220
68831721
47042063
00000152
00000249
39195561
00000214
00000058
00000118
00000126
00000160
00000070
00000095
16925486
08235032
00000132
00000153
00000090
00000178
00000133
00000062
00000074
00000251
00000212
00000174
00000008
77041353
00000052
05191398
61175057
60563742
00000203
54577206
63676444
83903689
00000061
18685068
00000114
32396295
00000037
00000046
00000163
00000043
00000039
00000056
